{"asset": {"generator": "SOLIDWORKSGLTF", "version": "2.0"}, "extensionsUsed": ["KHR_lights_punctual"], "scene": 0, "scenes": [{"name": "Varsay\u0131lan", "nodes": [0, 1, 2, 3, 4, 5, 6, 7, 8, 9, 10, 11, 12, 13]}], "nodes": [{"matrix": [-0.48077626956671105, 5.3376888416635354e-17, 0.8768433033453112, 0.0, 0.2962323295105285, 0.9412037249981243, 0.16242522895911465, 0.0, -0.8252881833482671, 0.3378395300281706, -0.4525084158068908, 0.0, -1.0212016081459956, 0.4329385449847931, -0.5599284362061403, 1.0], "camera": 0, "name": "current camera"}, {"matrix": [1.0, 0.0, 0.0, 0.0, 0.0, 1.0, 0.0, 0.0, 0.0, 0.0, 1.0, 0.0, -5.918839370838896e-17, 0.014900000000000002, 1.3130504107284513, 1.0], "camera": 1, "name": "*Dik Olarak"}, {"matrix": [1.0, 0.0, 0.0, 0.0, 0.0, 1.0, 0.0, 0.0, 0.0, 0.0, 1.0, 0.0, -5.918839370838896e-17, 0.014900000000000002, 1.3130504107284513, 1.0], "camera": 2, "name": "*\u00d6n"}, {"matrix": [-1.0, 0.0, 0.0, 0.0, 0.0, 1.0, 0.0, 0.0, -0.0, -0.0, -1.0, 0.0, 9.109793618329056e-15, 0.014900000000000002, -1.313050410728458, 1.0], "camera": 3, "name": "*Geri"}, {"matrix": [3.4914813388431334e-15, -0.0, 1.0, 0.0, 0.0, 1.0, 0.0, 0.0, -1.0, -0.0, 3.4914813388431334e-15, 0.0, -1.3130504107284549, 0.014900000000000002, -4.643679399727101e-15, 1.0], "camera": 4, "name": "*Sol"}, {"matrix": [3.4914813388431334e-15, 0.0, -1.0, 0.0, 0.0, 1.0, 0.0, 0.0, 1.0, -0.0, 3.4914813388431334e-15, 0.0, 1.3130504107284549, 0.014900000000000002, -4.695469244221941e-15, 1.0], "camera": 5, "name": "*Sa\u011f"}, {"matrix": [1.0, 0.0, -6.982962677686267e-15, 0.0, -6.982962677686267e-15, 6.123233995736766e-17, -1.0, 0.0, 4.275831445896959e-31, 1.0, 6.123233995736766e-17, 0.0, -5.744755859931871e-17, 1.6100606202027796, -1.0771167662523244e-17, 1.0], "camera": 6, "name": "*\u00dcst"}, {"matrix": [1.0, 0.0, -6.982962677686267e-15, 0.0, 6.982962677686267e-15, 7.16665969755837e-15, 1.0, 0.0, 5.004451719172844e-29, -1.0, 7.16665969755837e-15, 0.0, -5.744755859931871e-17, -1.5802606202027798, 1.1373886459291086e-14, 1.0], "camera": 7, "name": "*Alt"}, {"matrix": [0.7071067811865512, 2.7755575615628914e-17, -0.7071067811865438, 0.0, -0.40820405591135434, 0.8165408118857479, -0.4082040559113586, 0.0, 0.5773815451999783, 0.5772877120855455, 0.5773815451999844, 0.0, 0.9875265958681892, 1.0022661080645006, 0.987526595868186, 1.0], "camera": 8, "name": "*\u0130zometrik"}, {"matrix": [0.8844181216774244, -9.819013620820098e-17, -0.46669538893005613, 0.0, -0.24036589468391958, 0.8571673007021322, -0.45550900680427747, 0.0, 0.400036026779308, 0.5150380749100211, 0.7580942940502878, 0.0, 0.6599912825350598, 0.864625066891978, 1.2507264144206125, 1.0], "camera": 9, "name": "*Trimetrik"}, {"matrix": [0.9354143467241438, 1.3877787807814457e-17, -0.3535533905121595, 0.0, -0.1178511301426804, 0.9428090416101028, -0.3118047821671958, 0.0, 0.33333333326677156, 0.33333333325402575, 0.8819171037433304, 0.0, 0.5300736522044439, 0.5449736521841654, 1.402443060648395, 1.0], "camera": 10, "name": "*Simetrik"}, {"rotation": [0.07989098131656647, 0.014380555599927902, 0.9948030710220337, 0.06146203354001045], "scale": [-9.821132893484547e-14, 6.991638557902242e-41, 0.0], "translation": [1.0, 0.0, 0.0], "extensions": {"KHR_lights_punctual": {"light": 0}}, "name": "Do\u011frusal"}, {"rotation": [-0.10246945172548294, 0.25572600960731506, 0.9137721657752991, -0.2985374629497528], "scale": [-9.821132893484547e-14, 6.991638557902242e-41, 0.0], "translation": [1.0, 0.0, 0.0], "extensions": {"KHR_lights_punctual": {"light": 1}}, "name": "Do\u011frusal"}, {"mesh": 0, "name": "yeni kesit 2"}], "cameras": [{"type": "orthographic", "orthographic": {"xmag": 0.19654446401953382, "ymag": 0.15187526765145795, "zfar": 1.9451392922548025, "znear": 0.8835121967075947}}, {"type": "orthographic", "orthographic": {"xmag": 0.4423446231446699, "ymag": 0.4423446231446699, "zfar": 2.0208018077599235, "znear": 0.9591747122127154}}, {"type": "orthographic", "orthographic": {"xmag": 0.4423446231446699, "ymag": 0.4423446231446699, "zfar": 2.0208018077599235, "znear": 0.9591747122127154}}, {"type": "orthographic", "orthographic": {"xmag": 0.4423446231446699, "ymag": 0.4423446231446699, "zfar": 2.0208018077599297, "znear": 0.9591747122127221}}, {"type": "orthographic", "orthographic": {"xmag": 0.4423446231446699, "ymag": 0.4423446231446699, "zfar": 2.020801807759927, "znear": 0.959174712212719}}, {"type": "orthographic", "orthographic": {"xmag": 0.4423446231446699, "ymag": 0.4423446231446699, "zfar": 2.020801807759927, "znear": 0.959174712212719}}, {"type": "orthographic", "orthographic": {"xmag": 0.4423446231446699, "ymag": 0.4423446231446699, "zfar": 2.3029120172342514, "znear": 1.2412849216870439}}, {"type": "orthographic", "orthographic": {"xmag": 0.4423446231446699, "ymag": 0.4423446231446699, "zfar": 2.3029120172342514, "znear": 1.2412849216870439}}, {"type": "orthographic", "orthographic": {"xmag": 0.4423446231446699, "ymag": 0.4423446231446699, "zfar": 2.4181049822437406, "znear": 1.3564778866965328}}, {"type": "orthographic", "orthographic": {"xmag": 0.4423446231446699, "ymag": 0.4423446231446699, "zfar": 2.357581008250852, "znear": 1.2959539127036444}}, {"type": "orthographic", "orthographic": {"xmag": 0.4423446231446699, "ymag": 0.4423446231446699, "zfar": 2.297972353962318, "znear": 1.23634525841511}}], "extensions": {"KHR_lights_punctual": {"lights": [{"color": [1.0, 1.0, 1.0], "name": "UnNamed", "intensity": 0.4, "type": "directional"}, {"color": [1.0, 1.0, 1.0], "name": "UnNamed", "intensity": 0.45, "type": "directional"}]}}, "meshes": [{"primitives": [{"attributes": {"POSITION": 1, "NORMAL": 2}, "indices": 0, "material": 0, "mode": 4}, {"attributes": {"POSITION": 4, "NORMAL": 5}, "indices": 3, "material": 1, "mode": 4}, {"attributes": {"POSITION": 7, "NORMAL": 8}, "indices": 6, "material": 2, "mode": 4}, {"attributes": {"POSITION": 10, "NORMAL": 11}, "indices": 9, "material": 3, "mode": 4}, {"attributes": {"POSITION": 13, "NORMAL": 14}, "indices": 12, "material": 4, "mode": 4}, {"attributes": {"POSITION": 16, "NORMAL": 17}, "indices": 15, "material": 5, "mode": 4}, {"attributes": {"POSITION": 19, "NORMAL": 20}, "indices": 18, "material": 6, "mode": 4}]}], "accessors": [{"bufferView": 0, "byteOffset": 0, "componentType": 5125, "count": 72, "type": "SCALAR", "min": [0], "max": [47]}, {"bufferView": 1, "byteOffset": 0, "componentType": 5126, "count": 48, "type": "VEC3", "min": [0.18051061034202576, -0.00019999999494757503, -0.25], "max": [0.25, 0.029999999329447746, 0.25]}, {"bufferView": 2, "byteOffset": 0, "componentType": 5126, "count": 48, "type": "VEC3", "min": [-1.0, -1.0, -1.0], "max": [1.0, 1.0, 1.0]}, {"bufferView": 0, "byteOffset": 288, "componentType": 5125, "count": 7722, "type": "SCALAR", "min": [0], "max": [3689]}, {"bufferView": 1, "byteOffset": 576, "componentType": 5126, "count": 3690, "type": "VEC3", "min": [-0.24305880069732666, 0.01269999984651804, -0.05246753245592117], "max": [-0.18695653975009918, 0.02979999966919422, 0.05239520221948624]}, {"bufferView": 2, "byteOffset": 576, "componentType": 5126, "count": 3690, "type": "VEC3", "min": [-1.0, 0.0, -1.0], "max": [1.0, 1.0, 1.0]}, {"bufferView": 0, "byteOffset": 31176, "componentType": 5125, "count": 1203, "type": "SCALAR", "min": [0], "max": [644]}, {"bufferView": 1, "byteOffset": 44856, "componentType": 5126, "count": 645, "type": "VEC3", "min": [-0.22499999403953552, 0.012799999676644802, -0.25], "max": [0.25, 0.017799999564886093, 0.25]}, {"bufferView": 2, "byteOffset": 44856, "componentType": 5126, "count": 645, "type": "VEC3", "min": [0.0, -1.0, -1.1102230246251565e-16], "max": [1.0, 1.0, 0.0]}, {"bufferView": 0, "byteOffset": 35988, "componentType": 5125, "count": 66, "type": "SCALAR", "min": [0], "max": [39]}, {"bufferView": 1, "byteOffset": 52596, "componentType": 5126, "count": 40, "type": "VEC3", "min": [-0.22499999403953552, 0.012799999676644802, -0.25], "max": [0.25, 0.017799999564886093, 0.25]}, {"bufferView": 2, "byteOffset": 52596, "componentType": 5126, "count": 40, "type": "VEC3", "min": [-1.0, 0.0, -1.0], "max": [0.0, 0.0, 1.0]}, {"bufferView": 0, "byteOffset": 36252, "componentType": 5125, "count": 2595, "type": "SCALAR", "min": [0], "max": [1354]}, {"bufferView": 1, "byteOffset": 53076, "componentType": 5126, "count": 1355, "type": "VEC3", "min": [-0.22030016779899597, 0.01769999973475933, -0.048311688005924225], "max": [-0.21030017733573914, 0.017799999564886093, 0.0490909107029438]}, {"bufferView": 2, "byteOffset": 53076, "componentType": 5126, "count": 1355, "type": "VEC3", "min": [-1.0, 0.0, -1.0], "max": [1.0, 1.0, 1.0]}, {"bufferView": 0, "byteOffset": 46632, "componentType": 5125, "count": 36, "type": "SCALAR", "min": [0], "max": [23]}, {"bufferView": 1, "byteOffset": 69336, "componentType": 5126, "count": 24, "type": "VEC3", "min": [-0.25, 0.0, -0.25], "max": [0.25, 0.02979999966919422, 0.25]}, {"bufferView": 2, "byteOffset": 69336, "componentType": 5126, "count": 24, "type": "VEC3", "min": [-1.0, 0.0, -1.0], "max": [0.0, 0.0, 1.0]}, {"bufferView": 0, "byteOffset": 46776, "componentType": 5125, "count": 3078, "type": "SCALAR", "min": [0], "max": [1693]}, {"bufferView": 1, "byteOffset": 69624, "componentType": 5126, "count": 1694, "type": "VEC3", "min": [-0.25, 0.0, -0.25], "max": [0.25, 0.02979999966919422, 0.25]}, {"bufferView": 2, "byteOffset": 69624, "componentType": 5126, "count": 1694, "type": "VEC3", "min": [0.0, -1.0, -1.1102230246251565e-16], "max": [1.0, 1.0, 0.0]}], "materials": [{"name": "blacksofttouchplastic", "pbrMetallicRoughness": {"baseColorFactor": [0.0, 0.0, 0.0, 1.0], "metallicFactor": 0.0, "roughnessFactor": 0.699999988079071}}, {"name": "defaultplastic", "pbrMetallicRoughness": {"baseColorFactor": [1.0, 0.4761772904425488, 0.005028203711278412, 1.0], "metallicFactor": 0.0, "roughnessFactor": 0.16999999880790712}}, {"alphaMode": "BLEND", "name": "glassfrosted01", "pbrMetallicRoughness": {"baseColorFactor": [0.015175239508066193, 0.015175239508066193, 0.015175239508066193, 0.9878597855567932], "metallicFactor": 0.0, "roughnessFactor": 0.196000000089407}}, {"name": "defaultplastic", "pbrMetallicRoughness": {"baseColorFactor": [0.2844520903123097, 0.2844520903123097, 0.2844520903123097, 1.0], "metallicFactor": 0.0, "roughnessFactor": 0.16999999880790712}}, {"name": "defaultplastic", "pbrMetallicRoughness": {"baseColorFactor": [0.20835965650721236, 0.00196341622948792, 1.0, 1.0], "metallicFactor": 0.0, "roughnessFactor": 0.16999999880790712}}, {"name": "defaultplastic", "pbrMetallicRoughness": {"baseColorFactor": [0.005028203711278412, 0.23099815299550877, 1.0, 1.0], "metallicFactor": 0.0, "roughnessFactor": 0.16999999880790712}}, {"alphaMode": "BLEND", "name": "clearglass", "pbrMetallicRoughness": {"baseColorFactor": [0.0, 1.0, 1.0, 0.46666663885116577], "metallicFactor": 0.5, "roughnessFactor": 0.196000000089407}}], "bufferViews": [{"buffer": 0, "byteOffset": 0, "byteLength": 59088, "target": 34963}, {"buffer": 0, "byteOffset": 59088, "byteLength": 89952, "byteStride": 12, "target": 34962}, {"buffer": 0, "byteOffset": 149040, "byteLength": 89952, "byteStride": 12, "target": 34962}], "buffers": [{"uri": "yeni kesit 2.bin", "byteLength": 238992}]}